{
  "cells": [
    {
      "cell_type": "markdown",
      "metadata": {
        "id": "gNdKL4NEtrJo"
      },
      "source": [
        "1) Install Dependencies"
      ]
    },
    {
      "cell_type": "code",
      "execution_count": null,
      "metadata": {
        "colab": {
          "base_uri": "https://localhost:8080/",
          "height": 1000
        },
        "id": "Tc55WDYXGPLZ",
        "outputId": "65fd2a10-5d0c-4af3-a80b-532c88bafa2c"
      },
      "outputs": [
        {
          "output_type": "stream",
          "name": "stdout",
          "text": [
            "Looking in indexes: https://pypi.org/simple, https://us-python.pkg.dev/colab-wheels/public/simple/\n",
            "Collecting SimpleITK\n",
            "  Downloading SimpleITK-2.2.0-cp37-cp37m-manylinux_2_17_x86_64.manylinux2014_x86_64.whl (52.8 MB)\n",
            "\u001b[K     |████████████████████████████████| 52.8 MB 196 kB/s \n",
            "\u001b[?25hInstalling collected packages: SimpleITK\n",
            "Successfully installed SimpleITK-2.2.0\n",
            "Looking in indexes: https://pypi.org/simple, https://us-python.pkg.dev/colab-wheels/public/simple/\n",
            "Collecting batchgenerators\n",
            "  Downloading batchgenerators-0.24.tar.gz (61 kB)\n",
            "\u001b[K     |████████████████████████████████| 61 kB 333 kB/s \n",
            "\u001b[?25hRequirement already satisfied: pillow>=7.1.2 in /usr/local/lib/python3.7/dist-packages (from batchgenerators) (7.1.2)\n",
            "Requirement already satisfied: numpy>=1.10.2 in /usr/local/lib/python3.7/dist-packages (from batchgenerators) (1.21.6)\n",
            "Requirement already satisfied: scipy in /usr/local/lib/python3.7/dist-packages (from batchgenerators) (1.7.3)\n",
            "Requirement already satisfied: scikit-image in /usr/local/lib/python3.7/dist-packages (from batchgenerators) (0.18.3)\n",
            "Requirement already satisfied: scikit-learn in /usr/local/lib/python3.7/dist-packages (from batchgenerators) (1.0.2)\n",
            "Requirement already satisfied: future in /usr/local/lib/python3.7/dist-packages (from batchgenerators) (0.16.0)\n",
            "Collecting unittest2\n",
            "  Downloading unittest2-1.1.0-py2.py3-none-any.whl (96 kB)\n",
            "\u001b[K     |████████████████████████████████| 96 kB 3.8 MB/s \n",
            "\u001b[?25hRequirement already satisfied: threadpoolctl in /usr/local/lib/python3.7/dist-packages (from batchgenerators) (3.1.0)\n",
            "Requirement already satisfied: PyWavelets>=1.1.1 in /usr/local/lib/python3.7/dist-packages (from scikit-image->batchgenerators) (1.3.0)\n",
            "Requirement already satisfied: imageio>=2.3.0 in /usr/local/lib/python3.7/dist-packages (from scikit-image->batchgenerators) (2.9.0)\n",
            "Requirement already satisfied: networkx>=2.0 in /usr/local/lib/python3.7/dist-packages (from scikit-image->batchgenerators) (2.6.3)\n",
            "Requirement already satisfied: tifffile>=2019.7.26 in /usr/local/lib/python3.7/dist-packages (from scikit-image->batchgenerators) (2021.11.2)\n",
            "Requirement already satisfied: matplotlib!=3.0.0,>=2.0.0 in /usr/local/lib/python3.7/dist-packages (from scikit-image->batchgenerators) (3.2.2)\n",
            "Requirement already satisfied: python-dateutil>=2.1 in /usr/local/lib/python3.7/dist-packages (from matplotlib!=3.0.0,>=2.0.0->scikit-image->batchgenerators) (2.8.2)\n",
            "Requirement already satisfied: pyparsing!=2.0.4,!=2.1.2,!=2.1.6,>=2.0.1 in /usr/local/lib/python3.7/dist-packages (from matplotlib!=3.0.0,>=2.0.0->scikit-image->batchgenerators) (3.0.9)\n",
            "Requirement already satisfied: cycler>=0.10 in /usr/local/lib/python3.7/dist-packages (from matplotlib!=3.0.0,>=2.0.0->scikit-image->batchgenerators) (0.11.0)\n",
            "Requirement already satisfied: kiwisolver>=1.0.1 in /usr/local/lib/python3.7/dist-packages (from matplotlib!=3.0.0,>=2.0.0->scikit-image->batchgenerators) (1.4.4)\n",
            "Requirement already satisfied: typing-extensions in /usr/local/lib/python3.7/dist-packages (from kiwisolver>=1.0.1->matplotlib!=3.0.0,>=2.0.0->scikit-image->batchgenerators) (4.1.1)\n",
            "Requirement already satisfied: six>=1.5 in /usr/local/lib/python3.7/dist-packages (from python-dateutil>=2.1->matplotlib!=3.0.0,>=2.0.0->scikit-image->batchgenerators) (1.15.0)\n",
            "Requirement already satisfied: joblib>=0.11 in /usr/local/lib/python3.7/dist-packages (from scikit-learn->batchgenerators) (1.1.0)\n",
            "Collecting traceback2\n",
            "  Downloading traceback2-1.4.0-py2.py3-none-any.whl (16 kB)\n",
            "Collecting argparse\n",
            "  Downloading argparse-1.4.0-py2.py3-none-any.whl (23 kB)\n",
            "Collecting linecache2\n",
            "  Downloading linecache2-1.0.0-py2.py3-none-any.whl (12 kB)\n",
            "Building wheels for collected packages: batchgenerators\n",
            "  Building wheel for batchgenerators (setup.py) ... \u001b[?25l\u001b[?25hdone\n",
            "  Created wheel for batchgenerators: filename=batchgenerators-0.24-py3-none-any.whl size=89210 sha256=0b2679a97744ce3871f9fa3db42c9d710ab46154df492fde309fbf69a1abc4ec\n",
            "  Stored in directory: /root/.cache/pip/wheels/56/d7/ca/6b43d8fbc8e1d38a89e902cd0cf5aeeb35501ba3c95e3ce8e7\n",
            "Successfully built batchgenerators\n",
            "Installing collected packages: linecache2, traceback2, argparse, unittest2, batchgenerators\n",
            "Successfully installed argparse-1.4.0 batchgenerators-0.24 linecache2-1.0.0 traceback2-1.4.0 unittest2-1.1.0\n"
          ]
        },
        {
          "output_type": "display_data",
          "data": {
            "application/vnd.colab-display-data+json": {
              "pip_warning": {
                "packages": [
                  "argparse"
                ]
              }
            }
          },
          "metadata": {}
        },
        {
          "output_type": "stream",
          "name": "stdout",
          "text": [
            "Looking in indexes: https://pypi.org/simple, https://us-python.pkg.dev/colab-wheels/public/simple/\n",
            "Collecting connected-components-3d\n",
            "  Downloading connected_components_3d-3.10.2-cp37-cp37m-manylinux_2_17_x86_64.manylinux2014_x86_64.whl (2.7 MB)\n",
            "\u001b[K     |████████████████████████████████| 2.7 MB 5.4 MB/s \n",
            "\u001b[?25hRequirement already satisfied: numpy in /usr/local/lib/python3.7/dist-packages (from connected-components-3d) (1.21.6)\n",
            "Installing collected packages: connected-components-3d\n",
            "Successfully installed connected-components-3d-3.10.2\n",
            "Looking in indexes: https://pypi.org/simple, https://us-python.pkg.dev/colab-wheels/public/simple/\n",
            "Requirement already satisfied: opencv-python in /usr/local/lib/python3.7/dist-packages (4.6.0.66)\n",
            "Requirement already satisfied: numpy>=1.14.5 in /usr/local/lib/python3.7/dist-packages (from opencv-python) (1.21.6)\n"
          ]
        }
      ],
      "source": [
        "!pip install SimpleITK\n",
        "!pip install batchgenerators\n",
        "!pip install connected-components-3d\n",
        "!pip install opencv-python"
      ]
    },
    {
      "cell_type": "code",
      "execution_count": null,
      "metadata": {
        "colab": {
          "base_uri": "https://localhost:8080/"
        },
        "id": "9JchnkA8uig8",
        "outputId": "b811116c-d7e2-4a0e-e6e7-f51545979127"
      },
      "outputs": [
        {
          "output_type": "stream",
          "name": "stdout",
          "text": [
            "Mounted at /content/drive\n"
          ]
        }
      ],
      "source": [
        "#mount google drive\n",
        "from google.colab import drive\n",
        "drive.mount('/content/drive')\n",
        "\n",
        "#import relevant dependencies\n",
        "import glob, os, functools\n",
        "import numpy as np\n",
        "import pandas as pd\n",
        "import SimpleITK as sitk"
      ]
    },
    {
      "cell_type": "markdown",
      "metadata": {
        "id": "lsNZYKEzB0ty"
      },
      "source": [
        "2) Define Resampling Functions\n"
      ]
    },
    {
      "cell_type": "code",
      "execution_count": null,
      "metadata": {
        "id": "CFl6jLa7G_fN"
      },
      "outputs": [],
      "source": [
        "# SOURCE: https://github.com/iantsen/hecktor/blob/main/src/data/utils.py\n",
        "def resample_sitk_image(sitk_image,\n",
        "                        new_spacing=[1, 1, 1],\n",
        "                        new_size=None,\n",
        "                        attributes=None,\n",
        "                        interpolator=sitk.sitkLinear,\n",
        "                        fill_value=0):\n",
        "    \"\"\"\n",
        "    Resample a SimpleITK Image.\n",
        "    Parameters\n",
        "    ----------\n",
        "    sitk_image : sitk.Image\n",
        "        An input image.\n",
        "    new_spacing : list of int\n",
        "        A distance between adjacent voxels in each dimension given in physical units (mm) for the output image.\n",
        "    new_size : list of int or None\n",
        "        A number of pixels per dimension of the output image. If None, `new_size` is computed based on the original\n",
        "        input size, original spacing and new spacing.\n",
        "    attributes : dict or None\n",
        "        The desired output image's spatial domain (its meta-data). If None, the original image's meta-data is used.\n",
        "    interpolator\n",
        "        Available interpolators:\n",
        "            - sitk.sitkNearestNeighbor : nearest\n",
        "            - sitk.sitkLinear : linear\n",
        "            - sitk.sitkGaussian : gaussian\n",
        "            - sitk.sitkLabelGaussian : label_gaussian\n",
        "            - sitk.sitkBSpline : bspline\n",
        "            - sitk.sitkHammingWindowedSinc : hamming_sinc\n",
        "            - sitk.sitkCosineWindowedSinc : cosine_windowed_sinc\n",
        "            - sitk.sitkWelchWindowedSinc : welch_windowed_sinc\n",
        "            - sitk.sitkLanczosWindowedSinc : lanczos_windowed_sinc\n",
        "    fill_value : int or float\n",
        "        A value used for padding, if the output image size is less than `new_size`.\n",
        "    Returns\n",
        "    -------\n",
        "    sitk.Image\n",
        "        The resampled image.\n",
        "    Notes\n",
        "    -----\n",
        "    This implementation is based on https://github.com/deepmedic/SimpleITK-examples/blob/master/examples/resample_isotropically.py\n",
        "    \"\"\"\n",
        "    sitk_interpolator = interpolator\n",
        "\n",
        "    # provided attributes:\n",
        "    if attributes:\n",
        "        orig_pixelid = attributes['orig_pixelid']\n",
        "        orig_origin = attributes['orig_origin']\n",
        "        orig_direction = attributes['orig_direction']\n",
        "        orig_spacing = attributes['orig_spacing']\n",
        "        orig_size = attributes['orig_size']\n",
        "\n",
        "    else:\n",
        "        # use original attributes:\n",
        "        orig_pixelid = sitk_image.GetPixelIDValue()\n",
        "        orig_origin = sitk_image.GetOrigin()\n",
        "        orig_direction = sitk_image.GetDirection()\n",
        "        orig_spacing = np.array(sitk_image.GetSpacing())\n",
        "        orig_size = np.array(sitk_image.GetSize(), dtype=int)\n",
        "\n",
        "    # new image size:\n",
        "    if not new_size:\n",
        "        new_size = orig_size * (orig_spacing / new_spacing)\n",
        "        new_size = np.ceil(new_size).astype(int)  # Image dimensions are in integers\n",
        "        new_size = [int(s) for s in new_size]  # SimpleITK expects lists, not ndarrays\n",
        "\n",
        "    resample_filter = sitk.ResampleImageFilter()\n",
        "    resample_filter.SetOutputSpacing(new_spacing)\n",
        "    resample_filter.SetSize(new_size)\n",
        "    resample_filter.SetOutputDirection(orig_direction)\n",
        "    resample_filter.SetOutputOrigin(orig_origin)\n",
        "    resample_filter.SetTransform(sitk.Transform())\n",
        "    resample_filter.SetDefaultPixelValue(orig_pixelid)\n",
        "    resample_filter.SetInterpolator(sitk_interpolator)\n",
        "    resample_filter.SetDefaultPixelValue(fill_value)\n",
        "\n",
        "    resampled_sitk_image = resample_filter.Execute(sitk_image)\n",
        "\n",
        "    return resampled_sitk_image"
      ]
    },
    {
      "cell_type": "code",
      "execution_count": null,
      "metadata": {
        "id": "qkXV9u8lIOs4"
      },
      "outputs": [],
      "source": [
        "#Source: https://github.com/iantsen/hecktor/blob/main/src/data/utils.py\n",
        "def get_attributes(sitk_image):\n",
        "    \"\"\"Get physical space attributes (meta-data) of the image.\"\"\"\n",
        "    attributes = {}\n",
        "    attributes['orig_pixelid'] = sitk_image.GetPixelIDValue()\n",
        "    attributes['orig_origin'] = sitk_image.GetOrigin()\n",
        "    attributes['orig_direction'] = sitk_image.GetDirection()\n",
        "    attributes['orig_spacing'] = np.array(sitk_image.GetSpacing())\n",
        "    attributes['orig_size'] = np.array(sitk_image.GetSize(), dtype=np.int)\n",
        "    return attributes\n"
      ]
    },
    {
      "cell_type": "markdown",
      "metadata": {
        "id": "Wyiytpy4t5Bd"
      },
      "source": [
        "3) Define Rigid Registration Functions"
      ]
    },
    {
      "cell_type": "code",
      "execution_count": null,
      "metadata": {
        "id": "1FGm9d6f3hmB"
      },
      "outputs": [],
      "source": [
        "def nrrd_reg_rigid_ref(ref_path, moving_img, pt, mask):\n",
        "    \n",
        "    fixed_img = sitk.ReadImage(ref_path)\n",
        "    #fixed_img = ref_path\n",
        "\n",
        "    \n",
        "    transform = sitk.CenteredTransformInitializer(\n",
        "        fixed_img, \n",
        "        moving_img, \n",
        "        sitk.Euler3DTransform(), \n",
        "        sitk.CenteredTransformInitializerFilter.GEOMETRY\n",
        "        )\n",
        "    \n",
        "    # multi-resolution rigid registration using Mutual Information\n",
        "    registration_method = sitk.ImageRegistrationMethod()\n",
        "    registration_method.SetMetricAsMattesMutualInformation(numberOfHistogramBins=50)\n",
        "    registration_method.SetMetricSamplingStrategy(registration_method.RANDOM)\n",
        "    registration_method.SetMetricSamplingPercentage(0.01)\n",
        "    registration_method.SetInterpolator(sitk.sitkLinear)\n",
        "\n",
        "    registration_method.SetOptimizerAsGradientDescent(\n",
        "        learningRate=1.0, \n",
        "        numberOfIterations=100, \n",
        "        convergenceMinimumValue=1e-6, \n",
        "        convergenceWindowSize=10\n",
        "        )\n",
        "    \n",
        "    registration_method.SetOptimizerScalesFromPhysicalShift()\n",
        "    registration_method.SetShrinkFactorsPerLevel(shrinkFactors=[4, 2, 1])\n",
        "    registration_method.SetSmoothingSigmasPerLevel(smoothingSigmas=[2, 1, 0])\n",
        "    registration_method.SmoothingSigmasAreSpecifiedInPhysicalUnitsOn()\n",
        "    registration_method.SetInitialTransform(transform)\n",
        "    final_transform = registration_method.Execute(fixed_img, moving_img) \n",
        "    print(final_transform)\n",
        "    #do transformation\n",
        "    ct_reg = sitk.Resample(moving_img, fixed_img, final_transform, sitk.sitkLinear, 0.0, moving_img.GetPixelID())\n",
        "    pt_reg = sitk.Resample(pt, fixed_img, final_transform, sitk.sitkLinear, 0.0, pt.GetPixelID())\n",
        "    #mask_reg = sitk.Resample(mask, fixed_img, final_transform, sitk.sitkNearestNeighbor, 0.0, mask.GetPixelID())\n",
        "    #return ct_reg, pt_reg, mask_reg, final_transform\n",
        "    return ct_reg, pt_reg, 0, final_transform"
      ]
    },
    {
      "cell_type": "markdown",
      "metadata": {
        "id": "L30CrsqFs11f"
      },
      "source": [
        "4)Define Crop Functions"
      ]
    },
    {
      "cell_type": "code",
      "execution_count": null,
      "metadata": {
        "id": "pp9HnKEl_Fwa"
      },
      "outputs": [],
      "source": [
        "from SimpleITK.extra import GetArrayFromImage\n",
        "from scipy import ndimage\n",
        "import cv2\n",
        "import matplotlib as plt\n",
        "def crop_top(img, pet, label, crop_shape):\n",
        "  # get image, arr, and spacing\n",
        "  image_arr = GetArrayFromImage(img)\n",
        "  image_spacing = img.GetSpacing()\n",
        "  image_origin = img.GetOrigin()\n",
        "  label_arr = GetArrayFromImage(label)\n",
        "  label_spacing = label.GetSpacing()\n",
        "  label_origin = label.GetOrigin()\n",
        "  pet_arr = GetArrayFromImage(pet)\n",
        "  pet_spacing = pet.GetSpacing()\n",
        "  pet_origin = pet.GetOrigin()\n",
        "  \n",
        "  c,y,x = image_arr.shape\n",
        "  ## Get center of mass to center the crop in Y plane\n",
        "  mask_arr = np.copy(image_arr)\n",
        "  mask_arr[mask_arr > -500] = 1\n",
        "  mask_arr[mask_arr <= -500] = 0\n",
        "  print(\"mask_arr min and max:\", np.amin(mask_arr), np.amax(mask_arr))\n",
        "  mask_arr = np.array(mask_arr)\n",
        "\n",
        "  # find center of just connected components\n",
        "  labels_in = np.array(mask_arr[76,:,:], dtype = np.uint8 )\n",
        "  image = np.array(image_arr[76,:,:], dtype = np.uint8 )\n",
        "  image = cv2.cvtColor(image, cv2.COLOR_GRAY2BGR)\n",
        "\n",
        "  # find contours in the binary image\n",
        "  contours, hierarchy = cv2.findContours(labels_in,cv2.RETR_TREE,cv2.CHAIN_APPROX_SIMPLE)\n",
        "  biggest = 0\n",
        "  index = -1\n",
        "  for j,ct in enumerate(contours):\n",
        "    circular_area = cv2.contourArea(ct)*np.power(4*np.pi*cv2.contourArea(ct)/(np.power(cv2.arcLength(ct,True),2)),2)\n",
        "    if circular_area > biggest:\n",
        "      biggest = circular_area\n",
        "      index = j\n",
        "  image_copy = image.copy()\n",
        "  contour = contours[index]\n",
        "\n",
        "  M = cv2.moments(contour)\n",
        "\n",
        "  # calculate x,y coordinate of center\n",
        "  cX = int(M[\"m10\"] / M[\"m00\"])\n",
        "\n",
        "  cY = int(M[\"m01\"] / M[\"m00\"])\n",
        "\n",
        "  centermass = np.array([cX,cY])\n",
        "\n",
        "  print(\"center of mass: \", centermass)\n",
        "  startx = int(centermass[0] - crop_shape[0]//2)\n",
        "  starty = int(centermass[1] - crop_shape[1]//2)\n",
        "  startz = int(c - crop_shape[2] - 20 )\n",
        "  print(\"start X,Y,Z: \", startx, starty, startz)\n",
        "  if startx < 0:\n",
        "    startx = 0\n",
        "  if starty < 0:\n",
        "    starty = 0\n",
        "  if (starty+crop_shape[1] > y):\n",
        "    print(\"yes\")\n",
        "    starty = starty-((starty+crop_shape[1])-y)\n",
        "  if startz < 0:\n",
        "    image_arr = np.pad(image_arr,\n",
        "                ((0, 0),\n",
        "                (abs(startx)//2, abs(startx)//2),\n",
        "                (0, 0)), 'constant', constant_values=-1024)\n",
        "    label_arr = np.pad(label_arr,\n",
        "                ((0, 0),\n",
        "                (abs(startx)//2, abs(startx)//2),\n",
        "                (0, 0)), 'constant', constant_values=0)\n",
        "    pet_arr = np.pad(pet_arr,\n",
        "                ((0, 0),\n",
        "                (abs(startx)//2, abs(startx)//2),\n",
        "                (0, 0)), 'constant', constant_values=0)\n",
        "    image_arr_crop = image_arr[startz:startz+crop_shape[2],starty:starty+crop_shape[1],startx:startx+crop_shape[0]]\n",
        "    label_arr_crop = label_arr[startz:startz+crop_shape[2],starty:starty+crop_shape[1],startx:startx+crop_shape[0]]\n",
        "    pet_arr_crop = pet_arr[startz:startz+crop_shape[2],starty:starty+crop_shape[1],startx:startx+crop_shape[0]]\n",
        "  else:\n",
        "    image_arr_crop = image_arr[startz:startz+crop_shape[2],starty:starty+crop_shape[1],startx:startx+crop_shape[0]]\n",
        "    label_arr_crop = label_arr[startz:startz+crop_shape[2],starty:starty+crop_shape[1],startx:startx+crop_shape[0]]\n",
        "    pet_arr_crop = pet_arr[startz:startz+crop_shape[2],starty:starty+crop_shape[1],startx:startx+crop_shape[0]]\n",
        "\n",
        "\n",
        "  sitk_label = sitk.GetImageFromArray(label_arr_crop)\n",
        "  image = sitk.GetImageFromArray(image_arr_crop)\n",
        "  image.SetOrigin(img.GetOrigin())\n",
        "  image.SetSpacing(img.GetSpacing())\n",
        "  sitk_label.SetOrigin(label.GetOrigin())\n",
        "  sitk_label.SetSpacing(label.GetSpacing())\n",
        "  new_pet = sitk.GetImageFromArray(pet_arr_crop)\n",
        "  new_pet.SetOrigin(pet.GetOrigin())\n",
        "  new_pet.SetSpacing(pet.GetSpacing())\n",
        "  text = str(c)+\" \"+str(y)+\" \"+str(x)+\" \"+str(startz)+\" \"+str(starty)+\" \"+str(startx)\n",
        "  # save nrrd\n",
        "  return image, new_pet, sitk_label,text"
      ]
    },
    {
      "cell_type": "code",
      "execution_count": null,
      "metadata": {
        "id": "AdwXVJtGr6FF"
      },
      "outputs": [],
      "source": [
        "def quick_crop(img, length):\n",
        "  img_arr = sitk.GetArrayFromImage(img)\n",
        "  img_arr = img_arr[length:img.GetSize()[2],:,:]\n",
        "  new_img = sitk.GetImageFromArray(img_arr)\n",
        "  new_img.SetSpacing(img.GetSpacing())\n",
        "  new_img.SetOrigin(img.GetOrigin())\n",
        "  return new_img"
      ]
    },
    {
      "cell_type": "markdown",
      "metadata": {
        "id": "v9iI1ujC4EZy"
      },
      "source": [
        "4) Main"
      ]
    },
    {
      "cell_type": "code",
      "execution_count": null,
      "metadata": {
        "colab": {
          "base_uri": "https://localhost:8080/"
        },
        "id": "f1FjAn2WCWzv",
        "outputId": "f4e90d9f-a15c-45b9-e7c7-1222612e8aee"
      },
      "outputs": [
        {
          "metadata": {
            "tags": null
          },
          "name": "stdout",
          "output_type": "stream",
          "text": [
            "104\n",
            "MDA-306\n",
            "itk::simple::Euler3DTransform\n",
            " Euler3DTransform (0x2cd78e0)\n",
            "   RTTI typeinfo:   itk::Euler3DTransform<double>\n",
            "   Reference Count: 3\n",
            "   Modified Time: 11154235\n",
            "   Debug: Off\n",
            "   Object Name: \n",
            "   Observers: \n",
            "     none\n",
            "   Matrix: \n",
            "     0.999999 0.00134815 -3.05409e-06 \n",
            "     -0.00134816 0.999992 -0.0037909 \n",
            "     -2.05666e-06 0.0037909 0.999993 \n",
            "   Offset: [1.78484, -0.383763, -800.056]\n",
            "   Center: [-0.5, -0.5, 35.82]\n",
            "   Translation: [1.78406, -0.518875, -800.059]\n",
            "   Inverse: \n",
            "     0.999999 -0.00134816 -2.05666e-06 \n",
            "     0.00134815 0.999992 0.0037909 \n",
            "     -3.05409e-06 -0.0037909 0.999993 \n",
            "   Singular: 0\n",
            "   Euler's angles: AngleX=0.00379091 AngleY=2.05668e-06 AngleZ=-0.00134816\n",
            "   m_ComputeZYX = 0\n",
            "\n",
            "mask_arr min and max: 0.0 1.0\n",
            "center of mass:  [ 57 272]\n",
            "start X,Y,Z:  -23 192 56\n",
            "(160, 160, 72)\n"
          ]
        },
        {
          "metadata": {
            "tags": null
          },
          "name": "stderr",
          "output_type": "stream",
          "text": [
            "/usr/local/lib/python3.7/dist-packages/ipykernel_launcher.py:35: RuntimeWarning: invalid value encountered in double_scalars\n"
          ]
        },
        {
          "output_type": "stream",
          "name": "stdout",
          "text": [
            "106\n",
            "MDA-308\n",
            "itk::simple::Euler3DTransform\n",
            " Euler3DTransform (0x2cd5380)\n",
            "   RTTI typeinfo:   itk::Euler3DTransform<double>\n",
            "   Reference Count: 3\n",
            "   Modified Time: 12004503\n",
            "   Debug: Off\n",
            "   Object Name: \n",
            "   Observers: \n",
            "     none\n",
            "   Matrix: \n",
            "     0.999982 -0.00603736 -0.000679217 \n",
            "     0.006043 0.999945 0.00862839 \n",
            "     0.000627086 -0.00863234 0.999963 \n",
            "   Offset: [2.33412, -2.14895, -926.481]\n",
            "   Center: [-0.5, -0.5, 35.82]\n",
            "   Translation: [2.31282, -1.84287, -926.478]\n",
            "   Inverse: \n",
            "     0.999982 0.006043 0.000627086 \n",
            "     -0.00603736 0.999945 -0.00863234 \n",
            "     -0.000679217 0.00862839 0.999963 \n",
            "   Singular: 0\n",
            "   Euler's angles: AngleX=-0.00863245 AngleY=-0.00062711 AngleZ=0.00603762\n",
            "   m_ComputeZYX = 0\n",
            "\n",
            "mask_arr min and max: 0.0 1.0\n",
            "center of mass:  [247 234]\n",
            "start X,Y,Z:  167 154 56\n",
            "(160, 160, 72)\n",
            "150\n",
            "MDA-352\n",
            "itk::simple::Euler3DTransform\n",
            " Euler3DTransform (0x2cd6220)\n",
            "   RTTI typeinfo:   itk::Euler3DTransform<double>\n",
            "   Reference Count: 3\n",
            "   Modified Time: 12852307\n",
            "   Debug: Off\n",
            "   Object Name: \n",
            "   Observers: \n",
            "     none\n",
            "   Matrix: \n",
            "     0.999998 0.00178992 0.000782664 \n",
            "     -0.00179049 0.999998 0.000725493 \n",
            "     -0.000781364 -0.000726893 0.999999 \n",
            "   Offset: [-2.07489, -0.521906, -883.133]\n",
            "   Center: [-0.5, -0.5, 35.82]\n",
            "   Translation: [-2.04775, -0.495023, -883.132]\n",
            "   Inverse: \n",
            "     0.999998 -0.00179049 -0.000781364 \n",
            "     0.00178992 0.999998 -0.000726893 \n",
            "     0.000782664 0.000725493 0.999999 \n",
            "   Singular: 0\n",
            "   Euler's angles: AngleX=-0.000726893 AngleY=0.000781364 AngleZ=-0.00178992\n",
            "   m_ComputeZYX = 0\n",
            "\n",
            "mask_arr min and max: 0.0 1.0\n",
            "center of mass:  [248 237]\n",
            "start X,Y,Z:  168 157 56\n",
            "(160, 160, 72)\n",
            "269\n",
            "USZ-070\n",
            "itk::simple::Euler3DTransform\n",
            " Euler3DTransform (0x2cd5860)\n",
            "   RTTI typeinfo:   itk::Euler3DTransform<double>\n",
            "   Reference Count: 3\n",
            "   Modified Time: 13699957\n",
            "   Debug: Off\n",
            "   Object Name: \n",
            "   Observers: \n",
            "     none\n",
            "   Matrix: \n",
            "     1 3.43578e-05 0.000592132 \n",
            "     -3.53598e-05 0.999999 0.0016923 \n",
            "     -0.000592073 -0.00169232 0.999998 \n",
            "   Offset: [2.12331, -0.741183, -928.028]\n",
            "   Center: [-0.5, -0.5, 35.82]\n",
            "   Translation: [2.1445, -0.680546, -928.027]\n",
            "   Inverse: \n",
            "     1 -3.53598e-05 -0.000592073 \n",
            "     3.43578e-05 0.999999 -0.00169232 \n",
            "     0.000592132 0.0016923 0.999998 \n",
            "   Singular: 0\n",
            "   Euler's angles: AngleX=-0.00169233 AngleY=0.000592074 AngleZ=-3.43579e-05\n",
            "   m_ComputeZYX = 0\n",
            "\n",
            "mask_arr min and max: 0.0 1.0\n",
            "center of mass:  [243 428]\n",
            "start X,Y,Z:  163 348 56\n",
            "yes\n",
            "(160, 160, 72)\n",
            "296\n",
            "USZ-097\n",
            "itk::simple::Euler3DTransform\n",
            " Euler3DTransform (0x2cd4340)\n",
            "   RTTI typeinfo:   itk::Euler3DTransform<double>\n",
            "   Reference Count: 3\n",
            "   Modified Time: 14548685\n",
            "   Debug: Off\n",
            "   Object Name: \n",
            "   Observers: \n",
            "     none\n",
            "   Matrix: \n",
            "     1 -0.000162201 -0.000371504 \n",
            "     0.000162351 1 0.000404348 \n",
            "     0.000371439 -0.000404408 1 \n",
            "   Offset: [2.41601, -3.57154, -806.17]\n",
            "   Center: [-0.5, -0.5, 35.82]\n",
            "   Translation: [2.40279, -3.55713, -806.17]\n",
            "   Inverse: \n",
            "     1 0.000162351 0.000371439 \n",
            "     -0.000162201 1 -0.000404408 \n",
            "     -0.000371504 0.000404348 1 \n",
            "   Singular: 0\n",
            "   Euler's angles: AngleX=-0.000404408 AngleY=-0.000371439 AngleZ=0.000162201\n",
            "   m_ComputeZYX = 0\n",
            "\n",
            "mask_arr min and max: 0.0 1.0\n",
            "center of mass:  [243 445]\n",
            "start X,Y,Z:  163 365 56\n",
            "yes\n",
            "(160, 160, 72)\n",
            "317\n",
            "CHB-020\n",
            "itk::simple::Euler3DTransform\n",
            " Euler3DTransform (0x2cd4820)\n",
            "   RTTI typeinfo:   itk::Euler3DTransform<double>\n",
            "   Reference Count: 3\n",
            "   Modified Time: 15398937\n",
            "   Debug: Off\n",
            "   Object Name: \n",
            "   Observers: \n",
            "     none\n",
            "   Matrix: \n",
            "     0.999989 -0.00474293 -0.000574171 \n",
            "     0.00474233 0.999988 -0.00104913 \n",
            "     0.00057914 0.0010464 0.999999 \n",
            "   Offset: [3.37905, -0.082339, -112.964]\n",
            "   Center: [-0.5, -0.5, 35.82]\n",
            "   Translation: [3.36086, -0.122284, -112.965]\n",
            "   Inverse: \n",
            "     0.999989 0.00474233 0.00057914 \n",
            "     -0.00474293 0.999988 0.0010464 \n",
            "     -0.000574171 -0.00104913 0.999999 \n",
            "   Singular: 0\n",
            "   Euler's angles: AngleX=0.0010464 AngleY=-0.000579141 AngleZ=0.00474296\n",
            "   m_ComputeZYX = 0\n",
            "\n",
            "mask_arr min and max: 0.0 1.0\n",
            "center of mass:  [245 441]\n",
            "start X,Y,Z:  165 361 56\n",
            "yes\n",
            "(160, 160, 72)\n",
            "325\n",
            "CHB-029\n",
            "itk::simple::Euler3DTransform\n",
            " Euler3DTransform (0x2cd6d80)\n",
            "   RTTI typeinfo:   itk::Euler3DTransform<double>\n",
            "   Reference Count: 3\n",
            "   Modified Time: 16247341\n",
            "   Debug: Off\n",
            "   Object Name: \n",
            "   Observers: \n",
            "     none\n",
            "   Matrix: \n",
            "     1 -0.000569759 -0.000362727 \n",
            "     0.000569883 1 0.000341835 \n",
            "     0.000362533 -0.000342042 1 \n",
            "   Offset: [0.248756, -1.77706, -139.333]\n",
            "   Center: [-0.5, -0.5, 35.82]\n",
            "   Translation: [0.236048, -1.7651, -139.333]\n",
            "   Inverse: \n",
            "     1 0.000569883 0.000362533 \n",
            "     -0.000569759 1 -0.000342042 \n",
            "     -0.000362727 0.000341835 1 \n",
            "   Singular: 0\n",
            "   Euler's angles: AngleX=-0.000342042 AngleY=-0.000362533 AngleZ=0.000569759\n",
            "   m_ComputeZYX = 0\n",
            "\n",
            "mask_arr min and max: 0.0 1.0\n",
            "center of mass:  [247 441]\n",
            "start X,Y,Z:  167 361 56\n",
            "yes\n",
            "(160, 160, 72)\n",
            "331\n",
            "CHB-035\n",
            "itk::simple::Euler3DTransform\n",
            " Euler3DTransform (0x2cd68a0)\n",
            "   RTTI typeinfo:   itk::Euler3DTransform<double>\n",
            "   Reference Count: 3\n",
            "   Modified Time: 17098055\n",
            "   Debug: Off\n",
            "   Object Name: \n",
            "   Observers: \n",
            "     none\n",
            "   Matrix: \n",
            "     0.999991 -0.00426199 0.000611363 \n",
            "     0.00426169 0.999991 0.000479896 \n",
            "     -0.000613403 -0.000477287 1 \n",
            "   Offset: [1.61572, 1.59697, -114.217]\n",
            "   Center: [-0.5, -0.5, 35.82]\n",
            "   Translation: [1.63975, 1.61203, -114.217]\n",
            "   Inverse: \n",
            "     0.999991 0.00426169 -0.000613403 \n",
            "     -0.00426199 0.999991 -0.000477287 \n",
            "     0.000611363 0.000479896 1 \n",
            "   Singular: 0\n",
            "   Euler's angles: AngleX=-0.000477287 AngleY=0.000613403 AngleZ=0.004262\n",
            "   m_ComputeZYX = 0\n",
            "\n",
            "mask_arr min and max: 0.0 1.0\n",
            "center of mass:  [242 218]\n",
            "start X,Y,Z:  162 138 56\n",
            "(160, 160, 72)\n",
            "335\n",
            "CHB-039\n",
            "itk::simple::Euler3DTransform\n",
            " Euler3DTransform (0x2cd4680)\n",
            "   RTTI typeinfo:   itk::Euler3DTransform<double>\n",
            "   Reference Count: 3\n",
            "   Modified Time: 17946151\n",
            "   Debug: Off\n",
            "   Object Name: \n",
            "   Observers: \n",
            "     none\n",
            "   Matrix: \n",
            "     0.999999 -0.00137209 -0.000156932 \n",
            "     0.00137172 0.999996 -0.00233206 \n",
            "     0.000160132 0.00233184 0.999997 \n",
            "   Offset: [-1.81431, 0.0576986, -231.523]\n",
            "   Center: [-0.5, -0.5, 35.82]\n",
            "   Translation: [-1.81925, -0.0265199, -231.525]\n",
            "   Inverse: \n",
            "     0.999999 0.00137172 0.000160132 \n",
            "     -0.00137209 0.999996 0.00233184 \n",
            "     -0.000156932 -0.00233206 0.999997 \n",
            "   Singular: 0\n",
            "   Euler's angles: AngleX=0.00233185 AngleY=-0.000160132 AngleZ=0.00137209\n",
            "   m_ComputeZYX = 0\n",
            "\n",
            "mask_arr min and max: 0.0 1.0\n",
            "center of mass:  [246 327]\n",
            "start X,Y,Z:  166 247 56\n",
            "(160, 160, 72)\n",
            "337\n",
            "CHB-041\n",
            "itk::simple::Euler3DTransform\n",
            " Euler3DTransform (0x2cd6a40)\n",
            "   RTTI typeinfo:   itk::Euler3DTransform<double>\n",
            "   Reference Count: 3\n",
            "   Modified Time: 18793939\n",
            "   Debug: Off\n",
            "   Object Name: \n",
            "   Observers: \n",
            "     none\n",
            "   Matrix: \n",
            "     0.999998 0.002128 -0.00010588 \n",
            "     -0.00212826 0.999995 -0.00254095 \n",
            "     0.000100472 0.00254117 0.999997 \n",
            "   Offset: [-1.25916, 1.01649, -230.641]\n",
            "   Center: [-0.5, -0.5, 35.82]\n",
            "   Translation: [-1.26401, 0.926537, -230.643]\n",
            "   Inverse: \n",
            "     0.999998 -0.00212826 0.000100472 \n",
            "     0.002128 0.999995 0.00254117 \n",
            "     -0.00010588 -0.00254095 0.999997 \n",
            "   Singular: 0\n",
            "   Euler's angles: AngleX=0.00254117 AngleY=-0.000100472 AngleZ=-0.00212801\n",
            "   m_ComputeZYX = 0\n",
            "\n",
            "mask_arr min and max: 0.0 1.0\n",
            "center of mass:  [251 337]\n",
            "start X,Y,Z:  171 257 56\n",
            "(160, 160, 72)\n",
            "341\n",
            "CHB-045\n",
            "itk::simple::Euler3DTransform\n",
            " Euler3DTransform (0x2cd4b60)\n",
            "   RTTI typeinfo:   itk::Euler3DTransform<double>\n",
            "   Reference Count: 3\n",
            "   Modified Time: 19641727\n",
            "   Debug: Off\n",
            "   Object Name: \n",
            "   Observers: \n",
            "     none\n",
            "   Matrix: \n",
            "     1 -0.000187586 -0.000409025 \n",
            "     0.000186791 0.999998 -0.00194304 \n",
            "     0.000409388 0.00194296 0.999998 \n",
            "   Offset: [-0.674405, 1.6148, -229.354]\n",
            "   Center: [-0.5, -0.5, 35.82]\n",
            "   Translation: [-0.688962, 1.54511, -229.355]\n",
            "   Inverse: \n",
            "     1 0.000186791 0.000409388 \n",
            "     -0.000187586 0.999998 0.00194296 \n",
            "     -0.000409025 -0.00194304 0.999998 \n",
            "   Singular: 0\n",
            "   Euler's angles: AngleX=0.00194297 AngleY=-0.000409389 AngleZ=0.000187587\n",
            "   m_ComputeZYX = 0\n",
            "\n",
            "mask_arr min and max: 0.0 1.0\n",
            "center of mass:  [192 235]\n",
            "start X,Y,Z:  112 155 56\n",
            "(160, 160, 72)\n",
            "itk::simple::Euler3DTransform\n",
            " Euler3DTransform (0x2cd56c0)\n",
            "   RTTI typeinfo:   itk::Euler3DTransform<double>\n",
            "   Reference Count: 3\n",
            "   Modified Time: 20489405\n",
            "   Debug: Off\n",
            "   Object Name: \n",
            "   Observers: \n",
            "     none\n",
            "   Matrix: \n",
            "     1 0.000838717 0.000120997 \n",
            "     -0.000838709 1 -7.07448e-05 \n",
            "     -0.000121057 7.06433e-05 1 \n",
            "   Offset: [0.0944659, 2.12741, -0.876167]\n",
            "   Center: [-0.5, -0.5, 35.82]\n",
            "   Translation: [0.0983809, 2.12529, -0.876143]\n",
            "   Inverse: \n",
            "     1 -0.000838709 -0.000121057 \n",
            "     0.000838717 1 7.06433e-05 \n",
            "     0.000120997 -7.07448e-05 1 \n",
            "   Singular: 0\n",
            "   Euler's angles: AngleX=7.06433e-05 AngleY=0.000121057 AngleZ=-0.000838717\n",
            "   m_ComputeZYX = 0\n",
            "\n",
            "mask_arr min and max: 0.0 1.0\n",
            "center of mass:  [246 209]\n",
            "start X,Y,Z:  166 129 56\n"
          ]
        }
      ],
      "source": [
        "#filepaths\n",
        "\n",
        "in_data = '/content/drive/MyDrive/DATA/hecktor2022-data/hecktor2022_testing/imagesTs'\n",
        "in_label =  '/content/drive/MyDrive/DATA/hecktor2022-data/labelsTr'\n",
        "ref_folder = '/content/drive/MyDrive/DATA/nnUNet_raw_data_base/nnUNet_raw_data/Task507_160x160x64/competition_data/'\n",
        "names_path = '/content/drive/MyDrive/DATA/hecktor2022-data/hecktor2022_testing/hecktor2022_clinical_info_testing 2.csv'\n",
        "out_img = '/content/drive/MyDrive/DATA/nnUNet_raw_data_base/nnUNet_raw_data/Task507_160x160x64/competition_data/imagesTs'\n",
        "out_temp = '/content/drive/MyDrive/DATA/nnUNet_raw_data_base/nnUNet_raw_data/Task507_160x160x64/competition_data/temp_folder/'\n",
        "out_label = '/content/drive/MyDrive/DATA/nnUNet_raw_data_base/nnUNet_raw_data/Task507_160x160x64/labelsTr/'\n",
